Latitude,Longitude
-22.9840392,-43.2191573
-8.2141205,-78.9768999
1.2734955,103.8412354
1.281308,103.850939
1.2989586,103.8541296
1.3159351,103.9383127
1.3840621,103.8288408
4.6786703,-74.0457631
4.8470116,-74.0624267
8.9264902,-79.5929958
8.9798401,-79.5274812
8.982344,-79.509071
8.982344,-79.509071
8.9823792,-79.5198696
9.0100464,-79.4762271
9.052817,-79.616521
9.052817,-79.616521
9.3533491,-79.8952029
10.3725242,-75.492556
12.9363143,77.6296887
12.9367091,80.2337229
14.5995124,120.9842195
14.5995124,120.9842195
17.9643697,-76.7950797
17.984269,-76.824348
18.4846008,-67.1092463
18.9255432,72.8228688
22.2486063,114.1692068
22.2790533,114.1738931
22.2799508,114.1626534
22.2810219,114.1756349
22.2836391,114.1583339
22.284975,114.15064
22.2872639,114.2123889
22.2872639,114.2123889
22.396428,114.109497
22.396428,114.109497
25.0721732,55.1411013
25.0773685,55.1510829
25.3462553,55.4209317
25.7667887,-80.1943266
25.8072051,-80.329777
25.8105331,-80.355523
25.8105331,-80.355523
25.8105331,-80.355523
25.8105331,-80.355523
25.8105331,-80.355523
25.8105331,-80.355523
25.8105331,-80.355523
25.8105331,-80.355523
25.8105331,-80.355523
25.8105331,-80.355523
25.8846433,-80.2438937
25.8846433,-80.2438937
25.8846433,-80.2438937
25.8856502,-80.1648001
25.8862084,-80.1651418
25.9733877,-97.3597811
25.9764286,-80.3016366
25.9821192,-80.3458111
26.0404768,-80.1447337
26.0656465,-80.3169148
26.068864,-80.1817524
26.068864,-80.1817524
26.0815361,-80.1326087
26.0830109,-80.1155381
26.0848496,-80.1382789
26.0848496,-80.1382789
26.0853299,-80.1777302
26.0853299,-80.1777302
26.0853299,-80.1777302
26.0912542,-80.1721221
26.0915311,-80.1247228
26.0937449,-80.2740082
26.0977086,-80.1419422
26.0977086,-80.1419422
26.0980881,-80.1321289
26.1000841,-80.1271039
26.1000841,-80.1271039
26.1000841,-80.1271039
26.1000841,-80.1271039
26.1000841,-80.1271039
26.1000841,-80.1271039
26.1000841,-80.1271039
26.1076802,-80.2565023
26.1076802,-80.2565023
26.1434573,-80.3395374
26.1443088,-80.3414152
26.1870734,-80.17469
26.2093973,-80.141946
26.2093973,-80.141946
26.2229641,-80.1413755
26.231288,-80.2878359
26.2329803,-80.0925705
26.2329803,-80.0925705
26.2329803,-80.0925705
26.2329803,-80.0925705
26.5285667,-80.0689897
26.7002617,-81.957168
26.706737,-80.049582
26.7120981,-80.0517407
26.8458617,-80.0714777
27.1254878,-80.2348543
27.1254878,-80.2348543
27.1286467,-80.1759499
27.9425331,-82.435846
27.9439262,-82.4406817
27.9582559,-82.4365758
27.9798629,-82.3356424
28.1040694,-81.907194
28.1180803,-80.6883017
28.1180803,-80.6883017
28.1180803,-80.6883017
28.2609509,-80.6952304
29.3144385,-94.8194333
29.3163376,-94.820149
29.3163376,-94.820149
29.3163376,-94.820149
29.4933173,-95.1101883
29.4933173,-95.1101883
29.4933173,-95.1101883
29.5268609,-95.1189008
29.5268609,-95.1189008
29.5644106,-95.6358756
29.5819631,-90.7093026
29.5983886,-95.3693592
29.5983886,-95.3693592
29.6216677,-95.6060863
29.6358841,-95.4111771
29.6358841,-95.4111771
29.6358841,-95.4111771
29.6358841,-95.4111771
29.6419849,-95.6069483
29.6571819,-95.2532212
29.6571819,-95.2532212
29.6603389,-95.030253
29.6686973,-95.0357612
29.6940223,-91.2086699
29.70316,-95.1330679
29.7070145,-95.1489083
29.7311833,-95.4660087
29.7311833,-95.4660087
29.7338521,-95.4628312
29.7338521,-95.4628312
29.7353584,-95.7622011
29.7353584,-95.7622011
29.7353584,-95.7622011
29.7448734,-95.6066786
29.7474618,-95.4576897
29.7488197,-95.4966103
29.7497344,-95.4647982
29.7580248,-95.3635987
29.7585002,-95.3683567
29.7588117,-95.3706871
29.7588117,-95.3706871
29.7589597,-95.6439055
29.7606939,-95.4615102
29.7614256,-95.620966
29.7616891,-95.3642277
29.782667,-95.6356488
29.7831783,-95.5851955
29.7831783,-95.5851955
29.7836421,-95.5936586
29.7867692,-95.6420759
29.7932376,-95.7606155
29.7932376,-95.7606155
29.7932376,-95.7606155
29.7932376,-95.7606155
29.8029413,-95.5697085
29.8059229,-95.4469717
29.8201342,-95.5655603
29.8359085,-90.0009107
29.8418033,-95.5058661
29.9248909,-90.1348831
29.9248909,-90.1348831
29.9395009,-95.4268655
29.944095,-95.3652575
29.944095,-95.3652575
29.946007,-95.4067586
29.946007,-95.4067586
29.946007,-95.4067586
29.946007,-95.4067586
29.946007,-95.4067586
29.946007,-95.4067586
29.946007,-95.4067586
29.946007,-95.4067586
29.946007,-95.4067586
29.946007,-95.4067586
29.946007,-95.4067586
29.947068,-90.0693117
29.9477011,-95.3195631
29.949959,-90.0696767
29.9520282,-90.0703554
29.95504,-95.3759733
29.95504,-95.3759733
29.95504,-95.3759733
29.9568807,-95.375389
29.9568807,-95.375389
29.9568807,-95.375389
29.9571671,-95.3705645
29.9571671,-95.3705645
29.9571671,-95.3705645
29.9612513,-90.1942281
29.9703705,-91.8412061
29.9703705,-91.8412061
29.9703705,-91.8412061
29.985295,122.207215
29.9950316,-95.2983259
29.9950316,-95.2983259
29.9950316,-95.2983259
30.0037924,-95.2920788
30.0037924,-95.2920788
30.0080113,-90.2480344
30.0080113,-90.2480344
30.0080113,-90.2480344
30.0080113,-90.2480344
30.0080113,-90.2480344
30.0174092,-90.1542358
30.0912086,-93.7286963
30.1024342,-95.447163
30.1024342,-95.447163
30.1215473,-95.5365066
30.1570387,-95.7550393
30.1696062,-93.2670461
30.2415132,-81.5192261
30.2451743,-81.541266
30.3281019,-81.5522277
30.3281019,-81.5522277
30.3416704,-88.5135475
30.342712,-91.035343
30.3903,-81.458823
30.393888,-88.264932
30.4032281,-87.2128769
30.593982,-88.064364
30.6779765,-88.0397447
30.69595,-88.04373
31.214131,121.444778
32.2907567,-64.7924489
32.2907567,-64.7924489
32.2907567,-64.7924489
32.293945,-64.787641
32.294883,-64.783687
32.294883,-64.783687
32.295268,-64.78208
32.295268,-64.78208
32.295268,-64.78208
32.6924831,-117.1390725
32.78,-79.93
32.7914268,-96.8036547
32.8064168,-79.9419027
32.8064168,-79.9419027
32.8150964,-79.9930631
33.0871658,-96.8217855
33.6697252,-117.8619581
33.6907136,-117.8814839
33.7575746,-118.1083652
33.7674838,-118.1929648
33.8103879,-118.1684654
34.1484824,-118.1327948
34.6770312,33.0479212
34.7071301,33.0226174
34.7071301,33.0226174
34.7071301,33.0226174
34.7071301,33.0226174
35.0756339,-98.4966794
35.0883991,128.9013407
35.0883991,128.9013407
35.1855659,33.3822764
35.8594551,-78.5787039
35.8594551,-78.5787039
35.9799999,-78.51
36.141761,120.468312
36.7574968,-76.2604938
36.7614118,-76.2642953
36.784823,-76.3691
36.803351,-76.287267
36.825931,-76.0655704
36.825931,-76.0655704
36.8764346,-76.2243292
36.8772924,-76.2235596
37.3748684,-122.0146164
37.3840875,-122.0127955
37.3840875,-122.0127955
37.7851652,-122.2691992
37.7851652,-122.2691992
37.7851652,-122.2691992
37.7851652,-122.2691992
37.7885549,-122.2985577
37.8034665,-122.2876739
37.8034665,-122.2876739
37.8619956,23.7541813
37.8619956,23.7541813
37.8619956,23.7541813
37.8649475,23.875903
37.8911167,-122.1276315
37.8982598,-122.5032164
37.9393131,23.6424563
37.9403963,23.6413225
37.9421075,23.6444187
37.9424423,23.6439995
37.9426747,23.6994683
37.9426747,23.6994683
37.9426747,23.6994683
37.9426747,23.6994683
37.9440613,23.6994901
37.9683164,-122.0514502
37.9825879,-87.6009324
38.040668,23.8040732
38.040668,23.8040732
38.0413838,23.8031774
38.0692105,-122.2325063
38.222375,-85.58947
38.3740468,-75.5351894
38.3826274,-85.3617841
38.7524045,-122.6149853
38.7524045,-122.6149853
38.7524045,-122.6149853
38.756361,-75.2358279
38.7978272,-77.3512976
38.8146572,-77.044277
38.8146572,-77.044277
38.8486216,-77.0523987
38.8491903,-76.9959643
38.8518136,-77.051204
38.8530574,-77.0011443
38.8641217,-77.0130384
38.8758885,-77.0028263
38.8805063,-77.1072105
38.8841959,-77.0249249
38.8930412,-77.1792083
38.8979917,-76.9878764
38.901306,-77.042429
38.901306,-77.042429
38.9014,-77.0377
38.902124,-77.04012
38.9028901,-77.0440781
38.9029866,-77.0256002
38.903476,-77.472606
38.903476,-77.472606
38.9057896,-77.0398587
38.9057896,-77.0398587
38.9057896,-77.0398587
38.905935,-77.0336877
38.9203001,-77.2270887
38.9295997,-76.9994003
38.9458662,-77.3419991
38.9458662,-77.3419991
38.9458662,-77.3419991
38.9458662,-77.3419991
38.9458662,-77.3419991
38.9458662,-77.3419991
38.9458662,-77.3419991
38.9458662,-77.3419991
38.9458662,-77.3419991
38.9458662,-77.3419991
38.9458662,-77.3419991
38.9458662,-77.3419991
38.9541043,-77.4281594
38.9541043,-77.4281594
38.973138,-76.480538
38.973138,-76.480538
38.973138,-76.480538
38.9770473,-76.5033771
38.9820057,-77.4310404
38.9820057,-77.4310404
38.9820057,-77.4310404
38.9820057,-77.4310404
38.9869438,-76.3146733
38.9869438,-76.3146733
38.9906657,-77.026088
38.9926363,-76.545988
39.010452,-77.0604714
39.0624614,-77.1541785
39.0842753,-77.1512576
39.0842753,-77.1512576
39.2650371,-76.6054853
39.2861152,-76.6041285
39.2861152,-76.6041285
39.6598606,-75.5973912
39.6620397,-75.5668166
39.6620397,-75.5668166
39.6844735,-78.7242867
39.7615033,-104.9789994
39.8320622,-75.2033339
39.8320622,-75.2033339
39.8320622,-75.2033339
39.8320622,-75.2033339
39.8931461,-75.1745259
39.9273802,-105.133342
39.9332,-75.1460029
39.937645,-75.1136721
39.937645,-75.1136721
39.937645,-75.1136721
39.937645,-75.1136721
39.937645,-75.1136721
39.9480833,-75.1463749
39.9499258,-75.1636861
39.9601303,-75.1467463
40.0298967,-75.156955
40.0482241,-75.3807897
40.0892897,-75.7185681
40.1377072,-74.0916627
40.1377072,-74.0916627
40.1377072,-74.0916627
40.1385988,-74.0868303
40.170078,-74.7579069
40.1923423,-74.2735311
40.2771339,-74.6156813
40.2879019,-74.6003955
40.3489001,-74.6629989
40.3489001,-74.6629989
40.3506849,-74.064252
40.3506849,-74.064252
40.3506849,-74.064252
40.3506849,-74.064252
40.3506849,-74.064252
40.3506849,-74.064252
40.3506849,-74.064252
40.3506849,-74.064252
40.3506849,-74.064252
40.3506849,-74.064252
40.3506849,-74.064252
40.3506849,-74.064252
40.3506849,-74.064252
40.3506849,-74.064252
40.3506849,-74.064252
40.3506849,-74.064252
40.3526867,-74.0643897
40.3526867,-74.0643897
40.3526867,-74.0643897
40.3526867,-74.0643897
40.3526867,-74.0643897
40.3526867,-74.0643897
40.3526867,-74.0643897
40.3526867,-74.0643897
40.3673804,-74.0026298
40.3715702,-74.5904449
40.447019,-74.242798
40.447019,-74.242798
40.447019,-74.242798
40.447019,-74.242798
40.447019,-74.242798
40.447019,-74.242798
40.4571159,-74.302242
40.4588287,-74.4799467
40.4623259,-80.2191844
40.5120677,-74.3403424
40.5120677,-74.3403424
40.5120677,-74.3403424
40.5229429,-74.3275653
40.5229429,-74.3275653
40.5517951,-74.2998128
40.5544583,-74.2882686
40.5574947,-74.3112712
40.5619312,-74.333896
40.5658296,-74.3440696
40.5693929,-74.3176876
40.5693929,-74.3176876
40.5829694,-74.4804504
40.5829694,-74.4804504
40.6168091,-74.065589
40.6168091,-74.065589
40.622481,-74.2641257
40.6253217,-74.2569059
40.6253217,-74.2569059
40.6253217,-74.2569059
40.6253217,-74.2569059
40.6407355,-74.0734527
40.6407355,-74.0734527
40.6407355,-74.0734527
40.6407677,-74.1194758
40.6430902,-74.0753572
40.6450475,-73.9918917
40.6450475,-73.9918917
40.6450475,-73.9918917
40.6450475,-73.9918917
40.6673804,-73.4959639
40.667873,-74.216561
40.6684556,-74.1613378
40.6686068,-73.4589248
40.669178,-74.1591192
40.669178,-74.1591192
40.6708667,-74.8955969
40.6736938,-73.9714373
40.6882256,-74.14367
40.6894501,-74.016792
40.6894501,-74.016792
40.6894501,-74.016792
40.6919879,-74.015995
40.6944541,-74.3054963
40.7024822,-74.3920785
40.7029779,-74.0138444
40.7029779,-74.0138444
40.7029779,-74.0138444
40.7029779,-74.0138444
40.7029779,-74.0138444
40.7033758,-74.0138065
40.7033758,-74.0138065
40.7033758,-74.0138065
40.7033758,-74.0138065
40.7033758,-74.0138065
40.7033758,-74.0138065
40.7033758,-74.0138065
40.7033758,-74.0138065
40.7033758,-74.0138065
40.7033758,-74.0138065
40.7033758,-74.0138065
40.7033758,-74.0138065
40.7033758,-74.0138065
40.7033758,-74.0138065
40.7033758,-74.0138065
40.7033758,-74.0138065
40.7033758,-74.0138065
40.7033758,-74.0138065
40.7033758,-74.0138065
40.7033758,-74.0138065
40.7033758,-74.0138065
40.7033758,-74.0138065
40.7033758,-74.0138065
40.7033758,-74.0138065
40.7038704,-74.0138541
40.7046172,-74.0112325
40.7046172,-74.0112325
40.7051415,-74.0067386
40.7051415,-74.0067386
40.7051415,-74.0067386
40.7051415,-74.0067386
40.7051606,-74.0159868
40.7051606,-74.0159868
40.7051606,-74.0159868
40.7051606,-74.0159868
40.7052927,-74.0108765
40.7052927,-74.0108765
40.7052927,-74.0108765
40.7052927,-74.0108765
40.7052927,-74.0108765
40.7052927,-74.0108765
40.7052927,-74.0108765
40.7056782,-74.0060885
40.7056782,-74.0060885
40.7056782,-74.0060885
40.7056782,-74.0060885
40.7056782,-74.0060885
40.7059607,-74.0067715
40.7063146,-74.0131748
40.7063146,-74.0131748
40.7063491,-74.0125217
40.7063491,-74.0125217
40.7063491,-74.0125217
40.7063491,-74.0125217
40.7067944,-74.0128876
40.706937,-74.0044856
40.706937,-74.0044856
40.706937,-74.0044856
40.706937,-74.0044856
40.706937,-74.0044856
40.706937,-74.0044856
40.7074431,-74.003156
40.7074431,-74.003156
40.7074431,-74.003156
40.7076193,-74.0105948
40.708668,-74.0100898
40.708668,-74.0100898
40.708668,-74.0100898
40.7110095,-74.0065779
40.7110095,-74.0065779
40.7110095,-74.0065779
40.7127753,-74.0059728
40.7127753,-74.0059728
40.7131919,-74.0159125
40.7131919,-74.0159125
40.713365,-74.0527094
40.7183799,-73.6797873
40.7195464,-74.0321482
40.7195464,-74.0321482
40.7195464,-74.0321482
40.7195464,-74.0321482
40.7195464,-74.0321482
40.7195464,-74.0321482
40.7195464,-74.0321482
40.7195464,-74.0321482
40.7195464,-74.0321482
40.7195464,-74.0321482
40.7195464,-74.0321482
40.7218406,-73.6144038
40.7253246,-73.6329706
40.725563,-73.9963173
40.7263044,-74.0337401
40.7263044,-74.0337401
40.7346749,-73.9880054
40.7346749,-73.9880054
40.7346749,-73.9880054
40.7354491,-74.3914715
40.7363921,-73.9880074
40.7365494,-74.0726442
40.7408673,-73.9845869
40.7408673,-73.9845869
40.7431319,-74.3620265
40.7436745,-73.9911753
40.7436745,-73.9911753
40.745747,-73.416883
40.7471158,-73.9908195
40.7491823,-73.9759058
40.7491823,-73.9759058
40.7491823,-73.9759058
40.7491823,-73.9759058
40.7491823,-73.9759058
40.7491823,-73.9759058
40.7497241,-73.9924608
40.7501421,-73.9782738
40.7501421,-73.9782738
40.7501421,-73.9782738
40.7501421,-73.9782738
40.7501421,-73.9782738
40.7501421,-73.9782738
40.7503057,-73.9743541
40.7507617,-73.9793758
40.7507617,-73.9793758
40.7512149,-73.9922235
40.751357,-73.97896
40.751357,-73.97896
40.751357,-73.97896
40.751357,-73.97896
40.751357,-73.97896
40.751357,-73.97896
40.751357,-73.97896
40.751357,-73.97896
40.751357,-73.97896
40.751357,-73.97896
40.751357,-73.97896
40.751357,-73.97896
40.751357,-73.97896
40.751357,-73.97896
40.7514408,-73.990675
40.7516208,-73.975502
40.7516208,-73.975502
40.7516208,-73.975502
40.751971,-73.98071
40.7521236,-73.9787747
40.7521236,-73.9787747
40.7521236,-73.9787747
40.7525616,-73.9920459
40.7527888,-73.9747613
40.7528877,-73.9710858
40.7528877,-73.9710858
40.7528877,-73.9710858
40.7529739,-73.9842196
40.7531043,-74.0538912
40.7532296,-74.029186
40.7532296,-74.029186
40.7532296,-74.029186
40.7532296,-74.029186
40.753239,-73.979139
40.753239,-73.979139
40.7533488,-73.9766668
40.7533488,-73.9766668
40.7533488,-73.9766668
40.7537571,-73.9783438
40.7539143,-73.9810162
40.753984,-73.971375
40.753984,-73.971375
40.753984,-73.971375
40.7541621,-73.9798028
40.7541621,-73.9798028
40.7543343,-73.9773555
40.7543836,-73.9796053
40.7543836,-73.9796053
40.754522,-73.975915
40.7546103,-73.9746622
40.7549263,-73.9779085
40.7551202,-73.6935359
40.7551202,-73.6935359
40.7551202,-73.6935359
40.7551202,-73.6935359
40.7551202,-73.6935359
40.7551374,-73.9760147
40.7553179,-73.970719
40.7553179,-73.970719
40.7558722,-73.9701462
40.7558722,-73.9701462
40.7558722,-73.9701462
40.7558722,-73.9701462
40.7558722,-73.9701462
40.7558722,-73.9701462
40.7558722,-73.9701462
40.756039,-73.9741415
40.756039,-73.9741415
40.756039,-73.9741415
40.756039,-73.9741415
40.756039,-73.9741415
40.756039,-73.9741415
40.756039,-73.9741415
40.756039,-73.9741415
40.756039,-73.9741415
40.756039,-73.9741415
40.756039,-73.9741415
40.756039,-73.9741415
40.756039,-73.9741415
40.756039,-73.9741415
40.756039,-73.9741415
40.756039,-73.9741415
40.756039,-73.9741415
40.756039,-73.9741415
40.7561025,-73.9698924
40.7567648,-73.9857195
40.7567648,-73.9857195
40.7567648,-73.9857195
40.7567648,-73.9857195
40.7568197,-73.981849
40.7568517,-73.9820388
40.7568517,-73.9820388
40.7568517,-73.9820388
40.7568517,-73.9820388
40.7568517,-73.9820388
40.7572285,-73.9707207
40.7575084,-73.9772867
40.757962,-73.9708356
40.757962,-73.9708356
40.757962,-73.9708356
40.757962,-73.9708356
40.757962,-73.9708356
40.757962,-73.9708356
40.757962,-73.9708356
40.757962,-73.9708356
40.757962,-73.9708356
40.757962,-73.9708356
40.7580347,-73.9696273
40.7580629,-73.9788542
40.7581864,-73.4151867
40.7583379,-73.973889
40.7583379,-73.973889
40.758464,-73.981806
40.7585425,-73.9821342
40.7585425,-73.9821342
40.7589924,-75.2313716
40.7589924,-75.2313716
40.7589924,-75.2313716
40.7592344,-73.9735446
40.7594099,-73.98222
40.7595999,-73.9713636
40.7600454,-73.9817464
40.7600454,-73.9817464
40.7600454,-73.9817464
40.7600454,-73.9817464
40.7600994,-73.9818092
40.7601624,-73.9728788
40.7601927,-73.9941595
40.7603635,-73.9704912
40.7603635,-73.9704912
40.760685,-73.9753353
40.760935,-73.978182
40.760935,-73.978182
40.760935,-73.978182
40.760935,-73.978182
40.760935,-73.978182
40.760935,-73.978182
40.760935,-73.978182
40.760935,-73.978182
40.760935,-73.978182
40.760935,-73.978182
40.760935,-73.978182
40.760935,-73.978182
40.760935,-73.978182
40.7611177,-73.9681954
40.7611177,-73.9681954
40.7611177,-73.9681954
40.7611177,-73.9681954
40.7611177,-73.9681954
40.7611177,-73.9681954
40.7611177,-73.9681954
40.7611177,-73.9681954
40.7611177,-73.9681954
40.7611177,-73.9681954
40.7611177,-73.9681954
40.7611177,-73.9681954
40.7611177,-73.9681954
40.7614703,-73.9706094
40.7616971,-73.9801263
40.7616971,-73.9801263
40.7616971,-73.9801263
40.7616971,-73.9801263
40.7616971,-73.9801263
40.7617242,-73.9739578
40.7618356,-73.9821805
40.7622826,-73.9750368
40.7622826,-73.9750368
40.7622826,-73.9750368
40.7622826,-73.9750368
40.7622826,-73.9750368
40.7622826,-73.9750368
40.7625581,-73.9777917
40.7625581,-73.9777917
40.7625581,-73.9777917
40.7625581,-73.9777917
40.7626903,-73.9682642
40.7626903,-73.9682642
40.7626931,-73.9739144
40.763598,-73.9789514
40.763765,-73.9750139
40.764702,-73.9786718
40.764702,-73.9786718
40.7650115,-73.9833163
40.7650115,-73.9833163
40.7650115,-73.9833163
40.7650115,-73.9833163
40.7650115,-73.9833163
40.7650115,-73.9833163
40.7671887,-74.0602133
40.7674236,-73.9607108
40.7715275,-73.9053313
40.773857,-73.4159032
40.773857,-73.4159032
40.7786,-73.795737
40.7821435,-73.5329222
40.7821435,-73.5329222
40.7821435,-73.5329222
40.7821435,-73.5329222
40.7821435,-73.5329222
40.7821435,-73.5329222
40.7836395,-73.7324317
40.7849337,-73.7072377
40.7959215,-73.9963632
40.7959215,-73.9963632
40.7978157,-73.9608256
40.8005672,-73.7310296
40.8024113,-73.0385907
40.8024113,-73.0385907
40.8062421,-74.0793963
40.8066363,-74.1035328
40.8082334,-73.9618361
40.8092024,-73.8010583
40.8092024,-73.8010583
40.8092024,-73.8010583
40.8092024,-73.8010583
40.8092024,-73.8010583
40.8092024,-73.8010583
40.8092024,-73.8010583
40.8092024,-73.8010583
40.8092024,-73.8010583
40.8092024,-73.8010583
40.8092024,-73.8010583
40.8092024,-73.8010583
40.8092024,-73.8010583
40.8092024,-73.8010583
40.8092024,-73.8010583
40.8092024,-73.8010583
40.8092024,-73.8010583
40.8092024,-73.8010583
40.8092024,-73.8010583
40.8092024,-73.8010583
40.8092024,-73.8010583
40.8092024,-73.8010583
40.8092024,-73.8010583
40.8092024,-73.8010583
40.8092024,-73.8010583
40.8092024,-73.8010583
40.8092024,-73.8010583
40.8092024,-73.8010583
40.8092024,-73.8010583
40.8092024,-73.8010583
40.8092024,-73.8010583
40.8092024,-73.8010583
40.8092024,-73.8010583
40.8092024,-73.8010583
40.8092024,-73.8010583
40.8092024,-73.8010583
40.8092024,-73.8010583
40.8092024,-73.8010583
40.8092024,-73.8010583
40.8092024,-73.8010583
40.8092024,-73.8010583
40.8092024,-73.8010583
40.8092024,-73.8010583
40.8092024,-73.8010583
40.8092024,-73.8010583
40.8092024,-73.8010583
40.8092024,-73.8010583
40.8092024,-73.8010583
40.8092024,-73.8010583
40.8092024,-73.8010583
40.8092024,-73.8010583
40.8092024,-73.8010583
40.8092024,-73.8010583
40.8092024,-73.8010583
40.8092024,-73.8010583
40.8092024,-73.8010583
40.8092024,-73.8010583
40.8092024,-73.8010583
40.8092024,-73.8010583
40.8092024,-73.8010583
40.8092024,-73.8010583
40.8092024,-73.8010583
40.8092024,-73.8010583
40.8092024,-73.8010583
40.8092024,-73.8010583
40.8092024,-73.8010583
40.8092024,-73.8010583
40.8092024,-73.8010583
40.8092024,-73.8010583
40.8092024,-73.8010583
40.8092024,-73.8010583
40.8092593,-73.4896493
40.8092593,-73.4896493
40.8092593,-73.4896493
40.812768,-73.7615297
40.813893,-73.7643098
40.8168391,-73.3853178
40.8177427,-74.1013304
40.8177427,-74.1013304
40.8177427,-74.1013304
40.8177427,-74.1013304
40.8178169,-74.3069629
40.8178169,-74.3069629
40.8178169,-74.3069629
40.8184906,-74.4409933
40.824739,29.2842628
40.8307496,-73.6922715
40.8307496,-73.6922715
40.8307496,-73.6922715
40.8316417,-74.450183
40.8316417,-74.450183
40.8439188,-74.4533396
40.8439188,-74.4533396
40.8456278,-73.6424682
40.8472646,-73.7865113
40.8564082,-73.9735937
40.8564082,-73.9735937
40.8567424,-73.974119
40.8569028,-73.2972441
40.8612061,-73.6316828
40.8612061,-73.6316828
40.8675377,-73.9238118
40.8712698,-73.9178529
40.8725376,-73.5335545
40.8725376,-73.5335545
40.8725376,-73.5335545
40.8732679,-74.0060059
40.8732679,-74.0060059
40.8732679,-74.0060059
40.8735732,-74.0068799
40.8735732,-74.0068799
40.8735732,-74.0068799
40.8741919,-73.5317702
40.8741919,-73.5317702
40.8741919,-73.5317702
40.8782757,-74.3011841
40.8831348,-73.6434523
40.8831348,-73.6434523
40.8831348,-73.6434523
40.9239365,-72.7467517
40.932648,-73.7622651
40.9401158,-73.832907
40.9506682,-74.0326286
40.9583553,-73.9459474
40.9644005,-73.8324182
40.9645452,-74.2227932
40.9655279,-74.1006192
40.9670551,-73.6941107
40.973334,-73.700905
40.980173,-74.3116009
40.9968336,-73.9431786
40.9968336,-73.9431786
40.9968336,-73.9431786
40.9973086,-73.8735379
41.0019486,-73.9822913
41.0060401,-73.811901
41.0060401,-73.811901
41.0060401,-73.811901
41.0060401,-73.811901
41.0060401,-73.811901
41.0060401,-73.811901
41.0060401,-73.811901
41.0060401,-73.811901
41.0060401,-73.811901
41.0060401,-73.811901
41.0060401,-73.811901
41.0060401,-73.811901
41.0063863,-73.6903857
41.0117762,-73.6545637
41.0184392,-73.6487741
41.0184392,-73.6487741
41.0184392,-73.6487741
41.0184392,-73.6487741
41.0200857,-74.0403858
41.0200857,-74.0403858
41.0209223,-73.7261416
41.0262485,-73.629383
41.0272149,-73.5513974
41.0272149,-73.5513974
41.0272149,-73.5513974
41.0272149,-73.5513974
41.0272149,-73.5513974
41.0272149,-73.5513974
41.0272149,-73.5513974
41.0276231,-73.5520283
41.027789,-73.5520393
41.027789,-73.5520393
41.027789,-73.5520393
41.027789,-73.5520393
41.027789,-73.5520393
41.0279552,-73.5511242
41.0292255,-73.6279572
41.0292255,-73.6279572
41.0292255,-73.6279572
41.0292255,-73.6279572
41.0292255,-73.6279572
41.0292255,-73.6279572
41.0292255,-73.6279572
41.0292255,-73.6279572
41.0292255,-73.6279572
41.0325485,-73.5293119
41.032698,-73.5289261
41.0343691,-73.5970886
41.0347151,-73.7671079
41.0410829,-73.5852001
41.042908,-73.5308844
41.042908,-73.5308844
41.0434813,-73.5319427
41.0434813,-73.5319427
41.0434813,-73.5319427
41.0434813,-73.5319427
41.0434813,-73.5319427
41.0443102,-73.5486083
41.0443102,-73.5486083
41.0443102,-73.5486083
41.0443102,-73.5486083
41.0443102,-73.5486083
41.0443102,-73.5486083
41.0443102,-73.5486083
41.0443102,-73.5486083
41.0443102,-73.5486083
41.0443102,-73.5486083
41.0443102,-73.5486083
41.0443102,-73.5486083
41.0443102,-73.5486083
41.0443102,-73.5486083
41.0443102,-73.5486083
41.0443102,-73.5486083
41.0443102,-73.5486083
41.0443102,-73.5486083
41.0443102,-73.5486083
41.0443102,-73.5486083
41.0443102,-73.5486083
41.0443102,-73.5486083
41.0443102,-73.5486083
41.0443102,-73.5486083
41.0443102,-73.5486083
41.0443102,-73.5486083
41.0443102,-73.5486083
41.0445389,-73.5482364
41.0445389,-73.5482364
41.0445389,-73.5482364
41.0445389,-73.5482364
41.0445389,-73.5482364
41.0445389,-73.5482364
41.0445389,-73.5482364
41.0445389,-73.5482364
41.0445389,-73.5482364
41.0445389,-73.5482364
41.0445389,-73.5482364
41.0445389,-73.5482364
41.0445389,-73.5482364
41.0445389,-73.5482364
41.0445389,-73.5482364
41.0445389,-73.5482364
41.0445389,-73.5482364
41.0445389,-73.5482364
41.0445389,-73.5482364
41.0445389,-73.5482364
41.0445389,-73.5482364
41.0445389,-73.5482364
41.0445389,-73.5482364
41.0445389,-73.5482364
41.0445389,-73.5482364
41.0445389,-73.5482364
41.0445389,-73.5482364
41.0445389,-73.5482364
41.0445389,-73.5482364
41.0445389,-73.5482364
41.0445389,-73.5482364
41.0445389,-73.5482364
41.0445389,-73.5482364
41.0445389,-73.5482364
41.0445389,-73.5482364
41.0445389,-73.5482364
41.0445389,-73.5482364
41.0450373,28.9921599
41.0450373,28.9921599
41.0519832,-73.5340668
41.0523868,-73.5329758
41.0531084,-73.5434926
41.0531084,-73.5434926
41.0531084,-73.5434926
41.0531084,-73.5434926
41.0531084,-73.5434926
41.0531084,-73.5434926
41.0531084,-73.5434926
41.0531084,-73.5434926
41.0531084,-73.5434926
41.0531084,-73.5434926
41.0531084,-73.5434926
41.0531084,-73.5434926
41.0546623,-73.5426529
41.0547002,-73.5347231
41.0548245,-73.5380458
41.0548245,-73.5380458
41.0549755,-73.5377119
41.0549755,-73.5377119
41.0549755,-73.5377119
41.0551499,-73.5396274
41.0574646,-73.5940559
41.0610087,-74.0718472
41.061918,-73.4451146
41.0627043,-73.8405129
41.0638659,-73.8412022
41.0708536,-73.5484089
41.0766467,-73.4700874
41.07708,-73.4654533
41.082427,-73.511017
41.0855853,-73.4769458
41.0905581,-73.8133256
41.0921446,-73.4499645
41.0921446,-73.4499645
41.092773,-73.3990496
41.0950981,-73.4148469
41.0950981,-73.4148469
41.0963631,-73.8078358
41.1041465,-74.1635942
41.1041465,-74.1635942
41.1041465,-74.1635942
41.1070948,-73.4093381
41.1070948,-73.4093381
41.1070948,-73.4093381
41.1070948,-73.4093381
41.1160881,-73.7096409
41.1212636,-73.3701686
41.1235166,-73.3491145
41.1235166,-73.3491145
41.1287481,-73.5010864
41.1359078,-73.2862951
41.1359078,-73.2862951
41.1359078,-73.2862951
41.1359078,-73.2862951
41.1359078,-73.2862951
41.1359691,-73.2874308
41.137689,-73.2847278
41.137689,-73.2847278
41.137689,-73.2847278
41.138018,-73.3637787
41.138063,-73.287793
41.138063,-73.287793
41.138063,-73.287793
41.138063,-73.287793
41.138063,-73.287793
41.138063,-73.287793
41.138063,-73.287793
41.138063,-73.287793
41.138063,-73.287793
41.138063,-73.287793
41.138063,-73.287793
41.138063,-73.287793
41.138063,-73.287793
41.1386597,-73.5237747
41.1387801,-73.3076311
41.1387801,-73.3076311
41.1391192,-73.6274512
41.1394178,-73.3637676
41.1394178,-73.3637676
41.1394178,-73.3637676
41.1394178,-73.3637676
41.140069,-73.2841324
41.140069,-73.2841324
41.140069,-73.2841324
41.140069,-73.2841324
41.140069,-73.2841324
41.1424408,-73.2566716
41.1442378,-73.4275054
41.1442378,-73.4275054
41.1442378,-73.4275054
41.1442378,-73.4275054
41.1442378,-73.4275054
41.1442378,-73.4275054
41.1442378,-73.4275054
41.1442378,-73.4275054
41.1442378,-73.4275054
41.1442378,-73.4275054
41.1442712,-73.3637849
41.146056,-73.2832053
41.146056,-73.2832053
41.146056,-73.2832053
41.146056,-73.2832053
41.1460639,-73.4282929
41.1729109,-73.164436
41.1812049,-73.1301615
41.189847,-73.432138
41.189847,-73.432138
41.189847,-73.432138
41.1900697,-73.4308766
41.1900697,-73.4308766
41.1900697,-73.4308766
41.1900697,-73.4308766
41.1900697,-73.4308766
41.1900697,-73.4308766
41.196161,-73.2679893
41.202743,-73.699854
41.2070529,-73.4302408
41.2070529,-73.4302408
41.2194277,-73.2199148
41.2221405,-73.3987677
41.2229627,-73.0417179
41.2229627,-73.0417179
41.2396071,-73.1495277
41.2520084,-73.2261262
41.264378,-72.3716029
41.2737487,-73.8548858
41.2760557,-73.9430084
41.2760557,-73.9430084
41.2760557,-73.9430084
41.2760557,-73.9430084
41.2822558,-72.8872799
41.2895632,-72.6737374
41.2900039,-72.9034883
41.2928979,-73.4887288
41.294133,-72.904181
41.294133,-72.904181
41.294133,-72.904181
41.294133,-72.904181
41.294133,-72.904181
41.294133,-72.904181
41.294133,-72.904181
41.294133,-72.904181
41.3,-72.92
41.3002246,-72.376589
41.3086076,-72.9222658
41.3129502,-72.9211178
41.3198162,-73.4928481
41.33331,-81.94452
41.33331,-81.94452
41.3333969,-81.944403
41.3395846,-72.0460294
41.3395846,-72.0460294
41.3395846,-72.0460294
41.3395846,-72.0460294
41.3601072,-72.0920686
41.3714388,-71.9164217
41.3724463,-72.8841779
41.3751394,-72.8841493
41.3751394,-72.8841493
41.4246205,-73.9210791
41.4690038,-71.8031151
41.4776175,-81.9984815
41.489568,-71.3191169
41.489568,-71.3191169
41.489568,-71.3191169
41.489568,-71.3191169
41.505283,-87.866219
41.5217746,-71.2912722
41.5217746,-71.2912722
41.5416152,-73.8364022
41.5440234,-74.1351443
41.553293,-73.7862152
41.553293,-73.7862152
41.553293,-73.7862152
41.553293,-73.7862152
41.553293,-73.7862152
41.553293,-73.7862152
41.553293,-73.7862152
41.5548234,-73.7896359
41.5548234,-73.7896359
41.5629784,-72.9267
41.5862933,-70.943432
41.6284179,-93.7122157
41.6302875,-73.3108115
41.6376368,-70.9035001
41.6376368,-70.9035001
41.6376368,-70.9035001
41.6376368,-70.9035001
41.6732832,-72.7146225
41.6942147,-71.5008813
41.7166925,-72.5963591
41.7407543,-70.6219345
41.7407543,-70.6219345
41.7407543,-70.6219345
41.7407543,-70.6219345
41.7407543,-70.6219345
41.7407543,-70.6219345
41.7407543,-70.6219345
41.7559272,-71.4337419
41.7559272,-71.4337419
41.80687,-72.5459
41.9503369,-72.7320905
41.9584351,-73.0489633
41.9907816,-87.7873046
42.2716848,-87.9023784
42.2771085,-71.0324121
42.2997191,-71.4425986
42.2997191,-71.4425986
42.2997191,-71.4425986
42.3148024,-75.3915665
42.32465,-72.444621
42.3323534,-71.587046
42.3504252,-71.0710406
42.3506354,-71.0740118
42.3506354,-71.0740118
42.3506354,-71.0740118
42.3506354,-71.0740118
42.3506354,-71.0740118
42.3506354,-71.0740118
42.3506354,-71.0740118
42.3506354,-71.0740118
42.3528926,-71.0587436
42.3528926,-71.0587436
42.3573171,-71.0545049
42.3573171,-71.0545049
42.3573171,-71.0545049
42.359298,-71.058851
42.3627822,-71.0835375
42.3627822,-71.0835375
42.3640386,-71.0856854
42.3901599,-71.1308332
42.4325195,-71.4540082
42.4325195,-71.4540082
42.4400861,-71.2290676
42.5181926,-70.8880745
42.5256691,-71.5136937
42.5256691,-71.5136937
42.5985178,-70.9724194
42.6312209,-71.2684318
42.6771335,-73.5327941
42.7884343,-71.522049
42.972829,-78.7352533
43.0751617,-72.3763644
43.3052819,-73.6512295
43.3639403,-79.8053477
43.4355564,-80.3254529
43.5334621,-79.8683806
43.5860919,-71.2119708
43.653411,-70.2578503
43.653411,-70.2578503
43.7295899,7.4149186
43.7387518,7.4243412
44.1757122,-69.1102561
44.1757122,-69.1102561
44.6335925,-63.5859379
44.6982086,-63.5912933
44.841338,-87.3822665
45.2667896,-66.0596485
45.2751364,-66.0574363
45.2793796,-66.0352099
45.4240137,-75.6815444
45.4983339,-73.5662653
45.5017889,-73.5611773
45.5988142,-122.4546285
45.5988142,-122.4546285
46.7564534,-123.0020961
46.8122133,-71.2025148
46.8122133,-71.2025148
47.3666825,8.5378791
47.3666825,8.5378791
47.5188882,-122.0526066
47.5718278,-122.3555676
47.5719991,-122.3464115
47.5719991,-122.3464115
47.5719991,-122.3464115
47.6115627,-122.3475796
47.665808,-122.3860361
48.8692935,2.23
48.8926569,2.1789732
48.8933474,2.2753794
48.8933474,2.2753794
48.8942722,2.2365855
49.2790486,-123.1147362
49.2790486,-123.1147362
49.2790486,-123.1147362
49.2876838,-123.1151242
49.2877332,-123.1182842
49.2879402,-123.1130521
49.2887326,-123.0306078
49.2887326,-123.0306078
49.2887326,-123.0306078
50.8179763,-0.5568661
50.8408975,-1.0970894
50.8938994,-1.3688507
50.8938994,-1.3688507
50.8938994,-1.3688507
50.8949132,-1.4054413
50.8949132,-1.4054413
51.2332911,-0.164672
51.2780501,0.1817108
51.3159235,-0.7468132
51.3738763,-0.0958648
51.4939599,-0.1663876
51.4945783,-0.1740635
51.4977631,-0.1361265
51.4977631,-0.1361265
51.4977631,-0.1361265
51.4995806,-0.1326534
51.5001085,-0.133773
51.500305,-0.0880617
51.5003077,-0.1310828
51.500582,-0.160162
51.5037746,-0.0760842
51.5037746,-0.0760842
51.504114,-0.079736
51.5064554,-0.02635
51.5114168,-0.0910717
51.5116082,-0.0870354
51.5118587,-0.0773885
51.5119563,-0.1125205
51.5119563,-0.1125205
51.5122598,-0.0753455
51.5122598,-0.0753455
51.5122598,-0.0753455
51.5123505,-0.1363689
51.5126164,-0.0841241
51.512725,-0.1572153
51.5132145,-0.0774267
51.5132145,-0.0774267
51.5136059,-0.1407853
51.5136059,-0.1407853
51.5147809,-0.095079
51.5150293,-0.0801976
51.5153161,-0.1001644
51.5153161,-0.1001644
51.5155254,-0.1001572
51.5155254,-0.1001572
51.5155254,-0.1001572
51.516,-0.123227
51.516,-0.123227
51.5166038,-0.088786
51.51662,-0.088571
51.5168086,-0.1354039
51.5172963,-0.081264
51.5173981,-0.0874667
51.5173981,-0.0874667
51.5178774,-0.0774841
51.5186401,-0.0775025
51.5196535,-0.0888127
51.5232695,-0.1107528
51.5233525,-0.1087771
51.5243539,-0.1374802
51.5243539,-0.1374802
51.5265205,-0.130349
51.5349723,-0.9015414
51.5349723,-0.9015414
51.5487029,0.6301269
51.679614,-0.028892
51.679614,-0.028892
51.7512796,-1.2574386
51.8424811,4.6941834
51.8610091,4.5111921
51.87436,-0.728315
51.8977939,-8.46353
51.9045647,-8.3621782
51.9208545,4.4795289
51.9388639,-0.9370706
51.9565173,1.325496
52.0121632,-1.2916849
52.0874489,4.2968734
52.0874489,4.2968734
52.2860301,13.002058
52.3054892,4.7520597
52.3054892,4.7520597
52.3374762,4.874887
53.3495262,-6.2766728
53.3615741,6.8731783
53.544865,10.0000651
53.544865,10.0000651
53.5485148,10.024855
53.552535,9.987835
53.552535,9.987835
53.563176,9.97494
54.5288217,-1.5498296
54.5288916,-1.5498088
54.9515985,-1.4116545
54.9701644,-1.6013615
55.0095663,-1.4909246
55.6523745,12.549862
55.6823816,12.5893572
55.7268083,12.5827026
55.7652093,12.4635422
55.7652093,12.4635422
55.7702933,12.5156731
55.7702933,12.5156731
55.8607072,-4.2792685
55.8607072,-4.2792685
55.8607072,-4.2792685
55.9397052,-4.7193184
58.3359996,8.591566
59.4228936,10.4829688
59.9075488,10.7435967
59.9083238,10.756342
59.9104257,10.6396872
59.9116799,10.6377526
59.9116799,10.6377526
59.9117583,10.7386532
59.912562,10.729778
59.9128339,10.7279544
59.9149854,10.7590777
59.9156126,10.7591932
59.9205853,10.682821
59.950749,10.699967
60.472024,8.468946
64.1265206,-21.8174392
